{
 "cells": [
  {
   "cell_type": "code",
   "execution_count": 6,
   "id": "initial_id",
   "metadata": {
    "collapsed": true,
    "ExecuteTime": {
     "end_time": "2024-04-03T14:35:41.814181115Z",
     "start_time": "2024-04-03T14:35:41.809860188Z"
    }
   },
   "outputs": [],
   "source": [
    "import numpy as np\n",
    "from scipy import linalg\n",
    "from scipy.sparse import diags\n",
    "\n",
    "from semester6 import cond, sle\n",
    "from semester6.utils import print_matrix\n",
    "\n",
    "\n",
    "def answer(a: np.ndarray, b: np.ndarray) -> None:\n",
    "    print(\"Исходная матрица:\", end=\"\")\n",
    "    print_matrix(a)\n",
    "\n",
    "    (q_my, r_my) = sle.qr(a)\n",
    "    (q_sp, r_sp) = linalg.qr(a)\n",
    "\n",
    "    print(\"Самописный алгоритм QR разложения\")\n",
    "    print(\"Матрица Q:\", end=\"\")\n",
    "    print_matrix(q_my)\n",
    "    print(\"Матрица R:\", end=\"\")\n",
    "    print_matrix(r_my)\n",
    "\n",
    "    print(\"Библиотечное QR разложение\")\n",
    "    print(\"Матрица Q:\", end=\"\")\n",
    "    print_matrix(q_sp)\n",
    "    print(\"Матрица R:\", end=\"\")\n",
    "    print_matrix(r_sp)\n",
    "\n",
    "    cond_a = cond.volume(a)\n",
    "    cond_q = cond.volume(q_my)\n",
    "    cond_r = cond.volume(r_my)\n",
    "    print(\"Число обусловленности матрицы A:\", cond_a)\n",
    "    print(\"Число обусловленности матрицы Q:\", cond_q)\n",
    "    print(\"Число обусловленности матрицы R:\", cond_r)\n",
    "    print(\"cond Q * cond R:\", cond_q * cond_r)\n",
    "    \n",
    "    print(\"Правая часть:\", end=\"\")\n",
    "    print_matrix(b)\n",
    "    \n",
    "    x_my = sle.solve(a, b, sle.SolveMethod.QR)\n",
    "    x_sp = linalg.solve(a, b)\n",
    "    \n",
    "    print(\"Решение с самописным QR:\", end=\"\")\n",
    "    print_matrix(x_my)\n",
    "    print(\"Библиотечное решение:\", end=\"\")\n",
    "    print_matrix(x_sp)"
   ]
  },
  {
   "cell_type": "code",
   "execution_count": 12,
   "outputs": [
    {
     "name": "stdout",
     "output_type": "stream",
     "text": [
      "Исходная матрица:          \n",
      "12 -51   4\n",
      " 6 167 -68\n",
      "-4  24 -41\n",
      "Самописный алгоритм QR разложения\n",
      "Матрица Q:                             \n",
      " 0.857143 -0.394286 -0.331429\n",
      " 0.428571  0.902857  0.034286\n",
      "-0.285714  0.171429 -0.942857\n",
      "Матрица R:                                \n",
      " 1.400000e+01 2.100000e+01 -14.0\n",
      "-1.390219e-16 1.750000e+02 -70.0\n",
      "-4.766466e-16 3.789023e-16  35.0\n",
      "Библиотечное QR разложение\n",
      "Матрица Q:                             \n",
      "-0.857143  0.394286  0.331429\n",
      "-0.428571 -0.902857 -0.034286\n",
      " 0.285714 -0.171429  0.942857\n",
      "Матрица R:                  \n",
      "-14.0  -21.0  14.0\n",
      "  0.0 -175.0  70.0\n",
      "  0.0    0.0 -35.0\n",
      "Число обусловленности матрицы A: 5.270691748227378\n",
      "Число обусловленности матрицы Q: 1.0000000000000002\n",
      "Число обусловленности матрицы R: 2.220360331117451\n",
      "cond Q * cond R: 2.2203603311174516\n",
      "Правая часть: \n",
      "1\n",
      "1\n",
      "1\n",
      "Решение с самописным QR:         \n",
      " 0.051429\n",
      "-0.010286\n",
      "-0.035429\n",
      "Библиотечное решение:         \n",
      " 0.051429\n",
      "-0.010286\n",
      "-0.035429\n"
     ]
    }
   ],
   "source": [
    "a1 = np.array([[12, -51, 4], [6, 167, -68], [-4, 24, -41]])\n",
    "b1 = np.array([[1], [1], [1]])\n",
    "answer(a1, b1)"
   ],
   "metadata": {
    "collapsed": false,
    "ExecuteTime": {
     "end_time": "2024-04-03T14:36:10.844115104Z",
     "start_time": "2024-04-03T14:36:10.802194782Z"
    }
   },
   "id": "90a3a8e20c5053a6"
  },
  {
   "cell_type": "code",
   "execution_count": 8,
   "outputs": [
    {
     "name": "stdout",
     "output_type": "stream",
     "text": [
      "Исходная матрица:                                            \n",
      "1.000000 0.500000 0.333333 0.250000 0.200000\n",
      "0.500000 0.333333 0.250000 0.200000 0.166667\n",
      "0.333333 0.250000 0.200000 0.166667 0.142857\n",
      "0.250000 0.200000 0.166667 0.142857 0.125000\n",
      "0.200000 0.166667 0.142857 0.125000 0.111111\n",
      "Самописный алгоритм QR разложения\n",
      "Матрица Q:                                                \n",
      "0.826584 -0.533355  0.175305 -0.039102  0.005505\n",
      "0.413292  0.374054 -0.717262  0.403345 -0.110095\n",
      "0.275528  0.462946 -0.057665 -0.678965  0.495426\n",
      "0.206646  0.443319  0.352626 -0.206154 -0.770663\n",
      "0.165317  0.405914  0.571955  0.576447  0.385331\n",
      "Матрица R:                                                                \n",
      " 1.209798e+00  6.888202e-01  4.920145e-01  3.854113e-01 0.317759\n",
      "-2.462337e-17  1.300598e-01  1.401919e-01  1.327002e-01 0.122323\n",
      " 6.810445e-18  5.088921e-18  8.065379e-03  1.263254e-02 0.014908\n",
      " 4.429113e-17  3.826494e-18 -1.940491e-19  3.381217e-04 0.000689\n",
      "-2.240406e-17 -4.286111e-18  2.762271e-19 -1.309566e-20 0.000009\n",
      "Библиотечное QR разложение\n",
      "Матрица Q:                                                 \n",
      "-0.826584  0.533355 -0.175305  0.039102  0.005505\n",
      "-0.413292 -0.374054  0.717262 -0.403345 -0.110095\n",
      "-0.275528 -0.462946  0.057665  0.678965  0.495426\n",
      "-0.206646 -0.443319 -0.352626  0.206154 -0.770663\n",
      "-0.165317 -0.405914 -0.571955 -0.576447  0.385331\n",
      "Матрица R:                                                \n",
      "-1.209798 -0.68882 -0.492014 -0.385411 -0.317759\n",
      " 0.000000 -0.13006 -0.140192 -0.132700 -0.122323\n",
      " 0.000000  0.00000 -0.008065 -0.012633 -0.014908\n",
      " 0.000000  0.00000  0.000000 -0.000338 -0.000689\n",
      " 0.000000  0.00000  0.000000  0.000000  0.000009\n",
      "Число обусловленности матрицы A: 16085725624.31368\n",
      "Число обусловленности матрицы Q: 0.9999999999999996\n",
      "Число обусловленности матрицы R: 15.50331411954734\n",
      "cond Q * cond R: 15.503314119547333\n",
      "Правая часть:        \n",
      "2.283333\n",
      "1.450000\n",
      "1.092857\n",
      "0.884524\n",
      "0.745635\n",
      "Решение с самописным QR:   \n",
      "1.0\n",
      "1.0\n",
      "1.0\n",
      "1.0\n",
      "1.0\n",
      "Библиотечное решение:   \n",
      "1.0\n",
      "1.0\n",
      "1.0\n",
      "1.0\n",
      "1.0\n"
     ]
    }
   ],
   "source": [
    "a2 = linalg.hilbert(5)\n",
    "b2 = np.sum(linalg.hilbert(5), axis=0)\n",
    "answer(a2, b2)"
   ],
   "metadata": {
    "collapsed": false,
    "ExecuteTime": {
     "end_time": "2024-04-03T14:35:41.887540282Z",
     "start_time": "2024-04-03T14:35:41.886651358Z"
    }
   },
   "id": "9b8d7cfea80c12d2"
  },
  {
   "cell_type": "code",
   "execution_count": 9,
   "outputs": [
    {
     "name": "stdout",
     "output_type": "stream",
     "text": [
      "Исходная матрица:                       \n",
      "5.0 -2.7  0.0  0.0  0.0\n",
      "1.5  5.0 -2.7  0.0  0.0\n",
      "0.0  1.5  5.0 -2.7  0.0\n",
      "0.0  0.0  1.5  5.0 -2.7\n",
      "0.0  0.0  0.0  1.5  5.0\n",
      "Самописный алгоритм QR разложения\n",
      "Матрица Q:                                                \n",
      "0.957826 -0.277446  0.072149 -0.018983  0.005168\n",
      "0.287348  0.924820 -0.240497  0.063278 -0.017227\n",
      "0.000000  0.260255  0.931527 -0.245097  0.066727\n",
      "0.000000  0.000000  0.263084  0.930892 -0.253432\n",
      "0.000000  0.000000  0.000000  0.262686  0.964881\n",
      "Матрица R:                                                             \n",
      " 5.220153e+00 -1.149392e+00 -7.758393e-01  0.000000  0.000000\n",
      " 5.359824e-17  5.763584e+00 -1.195739e+00 -0.702688  0.000000\n",
      "-1.393811e-17  2.142226e-16  5.701603e+00 -1.199703 -0.710327\n",
      " 3.667306e-18 -5.636486e-17  1.071234e-16  5.710249 -1.199979\n",
      "-9.984110e-19  1.534513e-17 -2.916396e-17  0.000000  5.508674\n",
      "Библиотечное QR разложение\n",
      "Матрица Q:                                                 \n",
      "-0.957826  0.277446 -0.072149  0.018983  0.005168\n",
      "-0.287348 -0.924820  0.240497 -0.063278 -0.017227\n",
      "-0.000000 -0.260255 -0.931527  0.245097  0.066727\n",
      "-0.000000 -0.000000 -0.263084 -0.930892 -0.253432\n",
      "-0.000000 -0.000000 -0.000000 -0.262686  0.964881\n",
      "Матрица R:                                                \n",
      "-5.220153  1.149392  0.775839  0.000000 0.000000\n",
      " 0.000000 -5.763584  1.195739  0.702688 0.000000\n",
      " 0.000000  0.000000 -5.701603  1.199703 0.710327\n",
      " 0.000000  0.000000  0.000000 -5.710249 1.199979\n",
      " 0.000000  0.000000  0.000000  0.000000 5.508674\n",
      "Число обусловленности матрицы A: 1.1159013847347943\n",
      "Число обусловленности матрицы Q: 0.9999999999999996\n",
      "Число обусловленности матрицы R: 1.1195041892315942\n",
      "cond Q * cond R: 1.1195041892315938\n",
      "Правая часть: \n",
      "1\n",
      "2\n",
      "3\n",
      "4\n",
      "5\n",
      "Решение с самописным QR:        \n",
      "0.580714\n",
      "0.705027\n",
      "0.887483\n",
      "0.924058\n",
      "0.722783\n",
      "Библиотечное решение:        \n",
      "0.580714\n",
      "0.705027\n",
      "0.887483\n",
      "0.924058\n",
      "0.722783\n"
     ]
    }
   ],
   "source": [
    "n = 5\n",
    "k = [1.5*np.ones(n-1),5*np.ones(n),-2.7*np.ones(n-1)]\n",
    "offset = [-1,0,1]\n",
    "a3 = diags(k,offset).toarray()\n",
    "b3 = np.array([[1], [2], [3], [4], [5]])\n",
    "\n",
    "answer(a3, b3)"
   ],
   "metadata": {
    "collapsed": false,
    "ExecuteTime": {
     "end_time": "2024-04-03T14:35:41.898712069Z",
     "start_time": "2024-04-03T14:35:41.886959979Z"
    }
   },
   "id": "e3c7d008be5dece8"
  },
  {
   "cell_type": "code",
   "execution_count": 10,
   "outputs": [
    {
     "name": "stdout",
     "output_type": "stream",
     "text": [
      "Исходная матрица:             \n",
      "-402.9  200.7\n",
      "1204.2 -603.6\n",
      "Самописный алгоритм QR разложения\n",
      "Матрица Q:                   \n",
      "-0.317291 -0.948328\n",
      " 0.948328 -0.317291\n",
      "Матрица R:                         \n",
      " 1.269813e+03 -636.091220\n",
      "-3.684411e-14    1.187182\n",
      "Библиотечное QR разложение\n",
      "Матрица Q:                  \n",
      "-0.317291 0.948328\n",
      " 0.948328 0.317291\n",
      "Матрица R:                       \n",
      "1269.813392 -636.091220\n",
      "   0.000000   -1.187182\n",
      "Число обусловленности матрицы A: 402.2000491345241\n",
      "Число обусловленности матрицы Q: 1.0\n",
      "Число обусловленности матрицы R: 1.1184514757718316\n",
      "cond Q * cond R: 1.1184514757718316\n",
      "Правая часть:    \n",
      " 200\n",
      "-600\n",
      "Решение с самописным QR:         \n",
      "-0.199005\n",
      " 0.597015\n",
      "Библиотечное решение:         \n",
      "-0.199005\n",
      " 0.597015\n"
     ]
    }
   ],
   "source": [
    "a4 = np.array([[-402.90, 200.70], [1204.20, -603.60]])\n",
    "b4 = np.array([[200], [-600]])\n",
    "\n",
    "answer(a4, b4)"
   ],
   "metadata": {
    "collapsed": false,
    "ExecuteTime": {
     "end_time": "2024-04-03T14:35:41.943450723Z",
     "start_time": "2024-04-03T14:35:41.901044260Z"
    }
   },
   "id": "b716238173d8d9b2"
  }
 ],
 "metadata": {
  "kernelspec": {
   "display_name": "Python 3",
   "language": "python",
   "name": "python3"
  },
  "language_info": {
   "codemirror_mode": {
    "name": "ipython",
    "version": 2
   },
   "file_extension": ".py",
   "mimetype": "text/x-python",
   "name": "python",
   "nbconvert_exporter": "python",
   "pygments_lexer": "ipython2",
   "version": "2.7.6"
  }
 },
 "nbformat": 4,
 "nbformat_minor": 5
}
